      0/99     1.53G   0.07932   0.07118   0.01266    0.1632        91       640    0.5393    0.7633    0.6253    0.2512   0.05189    0.0716  0.004706
      1/99     2.59G   0.05951   0.06633  0.003564    0.1294         7       640    0.8181    0.7834    0.7541    0.3567   0.04701   0.07031  0.004347
      2/99     2.59G   0.05636   0.06754  0.003001    0.1269         3       640    0.8054    0.8031    0.7777    0.4012   0.04439   0.06961  0.004129
      3/99      2.6G   0.05185   0.06589  0.002579    0.1203        25       640    0.8896    0.8268    0.8139    0.4628    0.0403   0.06865  0.003456
      4/99      2.6G   0.04824   0.06503  0.002066    0.1153         1       640    0.9031     0.841    0.8242    0.4673   0.03986   0.06859  0.002932
      5/99      2.6G   0.04641   0.06417  0.001949    0.1125        52       640    0.8857    0.8589     0.844    0.4828   0.03951   0.06811  0.003228
      6/99      2.6G   0.04546   0.06377  0.001733     0.111        82       640    0.9058    0.8481     0.835    0.4935   0.03816   0.06779  0.003462
      7/99      2.6G   0.04485   0.06327  0.001605    0.1097        10       640    0.8954    0.8654    0.8559    0.5208   0.03733   0.06672    0.0027
      8/99      2.6G   0.04368   0.06215  0.001436    0.1073        15       640     0.915    0.8659    0.8541    0.5081   0.03748    0.0665  0.002827
      9/99      2.6G   0.04331   0.06193   0.00144    0.1067        10       640    0.9036    0.8666      0.85     0.518   0.03702   0.06615  0.002462
     10/99      2.6G    0.0436   0.06243  0.001306    0.1073        29       640    0.9132     0.875     0.862    0.5185   0.03705   0.06663  0.002303
     11/99      2.6G   0.04289   0.06163  0.001312    0.1058        15       640    0.9066    0.8664    0.8514    0.5143     0.037   0.06652  0.002228
     12/99      2.6G   0.04212    0.0611  0.001217    0.1044        37       640     0.907    0.8735     0.862    0.5184     0.037   0.06621  0.002314
     13/99      2.6G   0.04244   0.06128  0.001342    0.1051        86       640    0.8806    0.8916    0.8756    0.5271   0.03658   0.06572  0.002151
     14/99      2.6G   0.04208   0.06155  0.001168    0.1048        13       640    0.9141    0.8757     0.861    0.5278   0.03677   0.06604  0.002474
     15/99      2.6G   0.04211   0.06081  0.001158    0.1041        66       640    0.8961    0.8886    0.8753    0.5388   0.03615   0.06572  0.002573
     16/99      2.6G   0.04146   0.06092  0.001147    0.1035         7       640    0.8985    0.8914    0.8791    0.5399   0.03633   0.06512  0.002563
     17/99      2.6G   0.04141   0.06059  0.001067    0.1031        30       640    0.9045    0.8812    0.8671    0.5421   0.03603   0.06519  0.002367
     18/99      2.6G   0.04131   0.06122  0.001034    0.1036         3       640    0.9033    0.8822     0.867    0.5363   0.03617   0.06577  0.002305
     19/99      2.6G   0.04072   0.05945  0.001007    0.1012         2       640    0.9131    0.8856    0.8786    0.5429   0.03595   0.06515  0.002278
     20/99      2.6G   0.04119   0.06067 0.0009333    0.1028        63       640    0.8946    0.8928    0.8813    0.5393     0.036   0.06569   0.00206
     21/99      2.6G   0.04097   0.06156 0.0008977    0.1034         6       640     0.901    0.8911    0.8784    0.5496   0.03581   0.06506  0.002315
     22/99      2.6G   0.04078   0.05974 0.0009473    0.1015         4       640       0.9    0.8892    0.8768    0.5445   0.03609   0.06561  0.002363
     23/99      2.6G   0.04069   0.05914 0.0009092    0.1007        25       640    0.9084    0.8891    0.8757    0.5468   0.03567   0.06502  0.002223
     24/99      2.6G   0.04042    0.0597 0.0008536     0.101        72       640    0.9042     0.893    0.8786    0.5509   0.03536   0.06494  0.002152
     25/99      2.6G   0.04025   0.06008 0.0009127    0.1012        12       640    0.9093    0.8862    0.8792    0.5519   0.03547    0.0651  0.001974
     26/99      2.6G   0.04012   0.05943 0.0008409    0.1004         5       640     0.911    0.8904    0.8778    0.5474    0.0354    0.0656  0.002357
     27/99      2.6G    0.0402   0.05964   0.00085    0.1007         1       640    0.9201    0.8847    0.8726    0.5467   0.03533     0.065  0.002014
     28/99      2.6G   0.03974   0.05969 0.0008086    0.1002        14       640     0.914    0.8914    0.8813    0.5555   0.03521   0.06484  0.002243
     29/99      2.6G   0.04024   0.05986  0.000811    0.1009        13       640    0.9069    0.8989     0.883    0.5576   0.03516   0.06511  0.001913
     30/99      2.6G   0.03978   0.05907  0.000813   0.09967        74       640    0.9138    0.8918    0.8821    0.5526   0.03529   0.06486  0.002152
     31/99      2.6G   0.03978   0.05933 0.0007419   0.09984         1       640    0.9012    0.8965    0.8831    0.5602   0.03502   0.06441  0.002315
     32/99      2.6G    0.0396   0.05966 0.0008203    0.1001        82       640    0.9113    0.8924    0.8788    0.5564    0.0351   0.06465  0.002538
     33/99      2.6G    0.0399   0.05878  0.000853   0.09954        45       640    0.9094     0.893    0.8811    0.5573   0.03522   0.06481  0.002521
     34/99      2.6G   0.03964   0.05844 0.0007267   0.09881         5       640    0.9169    0.8891    0.8793    0.5586   0.03507   0.06452  0.002282
     35/99      2.6G   0.03939   0.05926 0.0006892   0.09934        10       640    0.9133    0.8956    0.8832    0.5623   0.03497   0.06425  0.002417
     36/99      2.6G   0.03933   0.05853 0.0006899   0.09855        60       640    0.9132    0.8911    0.8782    0.5569   0.03489   0.06434  0.002389
     37/99      2.6G   0.03907   0.05863 0.0006615   0.09836         8       640    0.9124    0.8923    0.8789    0.5574    0.0348   0.06456  0.002042
     38/99      2.6G   0.03872   0.05811  0.000652   0.09748        53       640    0.9218    0.8929    0.8783    0.5609   0.03473   0.06438  0.002388
     39/99      2.6G   0.03889    0.0584 0.0006349   0.09792        65       640    0.9154     0.898     0.883     0.565   0.03467   0.06438  0.002234
     40/99      2.6G   0.03893    0.0584 0.0006196   0.09795        20       640    0.9111    0.8925    0.8787    0.5662   0.03465   0.06442  0.002363
     41/99      2.6G   0.03884   0.05758 0.0005845   0.09701         9       640    0.9154    0.8987    0.8889    0.5686   0.03459   0.06418  0.002723
     42/99      2.6G   0.03854    0.0582 0.0006387   0.09738         0       640    0.9115    0.8969    0.8872    0.5635   0.03457   0.06414  0.003706
     43/99      2.6G   0.03878   0.05815 0.0006012   0.09753        12       640    0.9097     0.897    0.8838     0.562   0.03465   0.06435  0.002645
     44/99      2.6G   0.03847   0.05808 0.0005997   0.09715         2       640    0.9163    0.8952     0.883    0.5635   0.03453   0.06406  0.003302
     45/99      2.6G   0.03849   0.05809 0.0005905   0.09716        17       640     0.908    0.8973    0.8852    0.5643    0.0346   0.06429  0.002594
     46/99      2.6G   0.03829   0.05831 0.0005145   0.09712        28       640    0.9173    0.8927    0.8796    0.5676   0.03442   0.06408  0.002502
     47/99      2.6G   0.03848   0.05822 0.0005526   0.09725        11       640    0.9098    0.8988    0.8876    0.5684   0.03458   0.06403  0.002878
     48/99      2.6G   0.03826     0.057 0.0005296   0.09579        12       640    0.9138    0.8975    0.8882    0.5689   0.03441   0.06428   0.00248
     49/99      2.6G   0.03807   0.05734 0.0005472   0.09596        16       640    0.9164    0.8975    0.8888    0.5719   0.03438   0.06392  0.002389
     50/99      2.6G   0.03819   0.05772 0.0005711   0.09648         5       640    0.9145    0.9005    0.8896    0.5731   0.03444   0.06403  0.002983
     51/99      2.6G    0.0379   0.05702 0.0005326   0.09545        63       640    0.9114    0.8933    0.8825    0.5682   0.03434    0.0641  0.003381
     52/99      2.6G   0.03827   0.05681 0.0005481   0.09563        13       640    0.9167    0.8971    0.8892    0.5702   0.03432   0.06387  0.002897
     53/99      2.6G   0.03799   0.05765 0.0004693   0.09611        24       640    0.9168    0.8984    0.8885      0.57   0.03436   0.06381   0.00313
     54/99      2.6G   0.03766   0.05665 0.0005382   0.09485         3       640    0.9116    0.9048    0.8932    0.5748   0.03428   0.06378  0.002688
     55/99      2.6G   0.03774   0.05716 0.0005008    0.0954         3       640    0.9058    0.9024    0.8923    0.5741   0.03428   0.06392  0.002463
     56/99      2.6G   0.03772   0.05726  0.000496   0.09547         5       640    0.9153    0.9017    0.8889    0.5751   0.03435    0.0639  0.003185
     57/99      2.6G   0.03761   0.05688 0.0004571   0.09494        10       640    0.9139    0.8984    0.8873    0.5731   0.03421   0.06367  0.003285
     58/99      2.6G    0.0377   0.05599 0.0004595   0.09416        14       640    0.9125    0.8996    0.8878    0.5717   0.03422   0.06392  0.002933
     59/99      2.6G   0.03738   0.05741 0.0004678   0.09525        51       640    0.9152    0.9014     0.888    0.5733   0.03409   0.06372  0.002996
     60/99      2.6G   0.03752   0.05627 0.0004986   0.09429        94       640    0.9162    0.9036    0.8901    0.5728   0.03413   0.06384  0.003143
     61/99      2.6G    0.0377   0.05702  0.000392   0.09511        27       640    0.9128    0.9049    0.8929    0.5767   0.03412   0.06394  0.003276
     62/99      2.6G   0.03708   0.05646 0.0004035   0.09395         2       640    0.9134    0.9024    0.8884    0.5754   0.03404   0.06385  0.003261
     63/99      2.6G   0.03688   0.05587 0.0004253   0.09318         2       640    0.9145     0.902    0.8874    0.5746   0.03407   0.06381  0.003018
     64/99      2.6G   0.03721   0.05703 0.0004266   0.09466         8       640    0.9167    0.9063    0.8968    0.5776   0.03398    0.0638   0.00291
     65/99      2.6G   0.03676   0.05603 0.0003704   0.09316         7       640    0.9173    0.9049    0.8929    0.5773   0.03395   0.06393  0.002765
     66/99      2.6G   0.03707   0.05535 0.0003952   0.09282        25       640    0.9161    0.9061     0.898    0.5787   0.03396   0.06373  0.002827
     67/99      2.6G   0.03678   0.05573  0.000401   0.09291         1       640    0.9206     0.902    0.8926    0.5774   0.03396   0.06383  0.003315
     68/99      2.6G   0.03681   0.05497  0.000394   0.09217        68       640    0.9144    0.9059    0.8973    0.5803   0.03396   0.06398   0.00293
     69/99      2.6G   0.03708   0.05589 0.0004249    0.0934         2       640     0.917    0.9077    0.8972    0.5784   0.03392   0.06388  0.003209
     70/99      2.6G   0.03711   0.05641 0.0003441   0.09386         9       640    0.9138    0.9061    0.8933    0.5798   0.03388   0.06376  0.003305
     71/99      2.6G   0.03661   0.05521  0.000358   0.09218        39       640    0.9134    0.9096    0.8978    0.5816   0.03376   0.06373  0.002728
     72/99      2.6G   0.03696   0.05558 0.0003601    0.0929        33       640    0.9117     0.908    0.8978    0.5815   0.03376   0.06362  0.002614
     73/99      2.6G   0.03646   0.05559  0.000402   0.09245        12       640    0.9159    0.9086    0.8971    0.5805   0.03387   0.06373   0.00308
     74/99      2.6G   0.03688   0.05658 0.0003414   0.09381        23       640    0.9165    0.9046    0.8932     0.579   0.03391    0.0639  0.002905
     75/99      2.6G   0.03665   0.05552 0.0003481   0.09251         2       640    0.9177    0.9029    0.8874    0.5786   0.03393    0.0641  0.002942
     76/99      2.6G   0.03614   0.05534 0.0004152    0.0919        13       640    0.9183    0.9087    0.8983    0.5825    0.0338   0.06391  0.003129
     77/99      2.6G   0.03661   0.05519 0.0003596   0.09216         9       640    0.9137    0.9039    0.8889    0.5795   0.03385   0.06406  0.003233
     78/99      2.6G   0.03676   0.05678 0.0003238   0.09386        24       640    0.9117    0.9038    0.8924     0.578   0.03384    0.0641  0.002961
     79/99      2.6G   0.03622   0.05421 0.0003271   0.09076         4       640    0.9168    0.9038    0.8918    0.5776   0.03386    0.0641    0.0031
     80/99      2.6G   0.03658    0.0559 0.0003329   0.09281        32       640    0.9156     0.906    0.8983    0.5803   0.03374   0.06393  0.002492
     81/99      2.6G   0.03628   0.05506 0.0003193   0.09167         6       640    0.9111    0.9071    0.8974    0.5798   0.03382   0.06403  0.002536
     82/99      2.6G    0.0364   0.05607 0.0003375   0.09281         3       640    0.9138    0.9062    0.8976    0.5794   0.03372   0.06401  0.002823
     83/99      2.6G   0.03623   0.05449 0.0003442   0.09107         7       640    0.9191    0.9094    0.8987    0.5816   0.03372   0.06368   0.00242
     84/99      2.6G    0.0361   0.05448 0.0003413   0.09092         3       640     0.919    0.9083    0.8992    0.5825   0.03374   0.06368  0.002359
     85/99      2.6G   0.03617   0.05507 0.0003073   0.09155        24       640    0.9158    0.9102    0.8982    0.5811    0.0337   0.06379  0.002567
     86/99      2.6G   0.03594   0.05515 0.0003131    0.0914         2       640    0.9102    0.9088    0.8983    0.5806   0.03369   0.06375  0.002743
     87/99      2.6G    0.0361   0.05477 0.0003055   0.09117         5       640    0.9135    0.9086    0.8979    0.5812   0.03372   0.06387  0.003009
     88/99      2.6G   0.03624   0.05562 0.0003241   0.09219         3       640    0.9143    0.9087    0.8973    0.5815   0.03372    0.0639  0.002985
     89/99      2.6G   0.03619   0.05416  0.000323   0.09068       107       640    0.9164    0.9069    0.8983    0.5815   0.03374    0.0638  0.002956
     90/99      2.6G   0.03603   0.05526 0.0002829   0.09157         1       640    0.9124    0.9062    0.8938    0.5816   0.03375   0.06383  0.002654
     91/99      2.6G   0.03596    0.0549 0.0003219   0.09118        19       640    0.9161    0.9102     0.899    0.5847   0.03373   0.06384  0.002327
     92/99      2.6G   0.03575   0.05399 0.0003002   0.09003         2       640    0.9112      0.91    0.8991     0.583   0.03373   0.06386  0.002449
     93/99      2.6G   0.03574   0.05338  0.000293   0.08942        12       640    0.9134    0.9074     0.898    0.5813   0.03377   0.06398  0.002325
     94/99      2.6G   0.03597   0.05513 0.0002762   0.09137         8       640    0.9171    0.9091    0.8984    0.5821   0.03375   0.06402  0.002224
     95/99      2.6G   0.03569   0.05454 0.0002592   0.09049        71       640    0.9129      0.91    0.8986    0.5811   0.03382   0.06401  0.002434
     96/99      2.6G   0.03568   0.05332  0.000343   0.08934         9       640    0.9142    0.9081    0.8985    0.5818   0.03374   0.06398  0.002237
     97/99      2.6G    0.0359   0.05489 0.0002933   0.09109        10       640    0.9146    0.9125    0.8987    0.5834   0.03371   0.06391  0.002412
     98/99      2.6G   0.03585   0.05455 0.0002816   0.09068         1       640     0.913    0.9117    0.8986    0.5826   0.03373   0.06393  0.002746
     99/99      2.6G   0.03574   0.05467 0.0002538   0.09066        63       640    0.9125    0.9102    0.8985    0.5838   0.03374   0.06393   0.00282
