      0/29     1.53G   0.07937   0.07119   0.01267    0.1632        91       640    0.5293    0.7508    0.6128    0.2491   0.05273   0.07014  0.004778
      1/29     2.59G   0.05921   0.06648  0.003541    0.1292         7       640     0.739    0.8087    0.7655     0.388   0.04724    0.0706  0.004125
      2/29     2.59G    0.0562   0.06733  0.002929    0.1265         3       640    0.8163    0.7881    0.7661     0.418    0.0441   0.07004  0.003676
      3/29     2.59G   0.05185   0.06594  0.002545    0.1203        25       640    0.8874    0.8369    0.8201    0.4768   0.03992   0.06879  0.003013
      4/29      2.6G   0.04833   0.06511  0.002073    0.1155         1       640    0.9051    0.8423    0.8276    0.4719   0.03955   0.06813  0.003236
      5/29      2.6G    0.0462   0.06396  0.001914    0.1121        52       640    0.8805    0.8633    0.8451    0.4943   0.03902   0.06768  0.002504
      6/29      2.6G   0.04536   0.06372  0.001765    0.1108        82       640    0.8927    0.8645    0.8499    0.5012   0.03798   0.06732  0.002954
      7/29      2.6G   0.04433   0.06305   0.00153    0.1089        10       640    0.9015    0.8654    0.8519    0.5201   0.03713   0.06635  0.002526
      8/29      2.6G   0.04314   0.06182  0.001375    0.1063        15       640    0.9092    0.8758    0.8637    0.5176   0.03733   0.06622  0.002619
      9/29      2.6G   0.04296   0.06156  0.001289    0.1058        10       640    0.9081    0.8618    0.8471    0.5194   0.03705   0.06635  0.002723
     10/29      2.6G    0.0428   0.06195  0.001264     0.106        29       640    0.9072    0.8803    0.8669    0.5246   0.03652   0.06587  0.002405
     11/29      2.6G   0.04189   0.06102   0.00122    0.1041        15       640     0.902    0.8819    0.8677    0.5241   0.03663   0.06592  0.002091
     12/29      2.6G   0.04127   0.06048  0.001094    0.1028        37       640    0.9131    0.8827    0.8714    0.5341   0.03636   0.06554  0.002038
     13/29      2.6G     0.041   0.05989  0.001127     0.102        86       640    0.9067     0.887     0.872    0.5286   0.03624   0.06537  0.002539
     14/29      2.6G   0.04069   0.06052  0.001009    0.1022        13       640    0.9087    0.8835    0.8707    0.5397   0.03612   0.06556  0.002332
     15/29      2.6G   0.04051   0.05981 0.0009381    0.1013        66       640    0.9022    0.8906    0.8775    0.5447   0.03576    0.0652  0.002242
     16/29      2.6G   0.03993   0.05983 0.0009479    0.1007         7       640    0.9032    0.8943     0.883    0.5509   0.03568   0.06492  0.002166
     17/29      2.6G   0.03981   0.05949 0.0008544    0.1002        30       640    0.9189     0.886    0.8749    0.5493   0.03539   0.06483  0.002676
     18/29      2.6G   0.03945    0.0599 0.0007467    0.1001         3       640    0.8985    0.8962    0.8826    0.5573   0.03534   0.06435  0.002366
     19/29      2.6G   0.03926   0.05817 0.0007592   0.09818         2       640    0.9124    0.8898    0.8788    0.5532   0.03503   0.06429  0.002426
     20/29      2.6G   0.03921   0.05909 0.0006738   0.09897        63       640    0.9143    0.8897    0.8785    0.5568   0.03509   0.06462  0.002216
     21/29      2.6G   0.03911   0.05993 0.0006403   0.09968         6       640    0.9142     0.894    0.8832    0.5637   0.03479   0.06438  0.002555
     22/29      2.6G   0.03889   0.05813  0.000664   0.09769         4       640    0.9141    0.8871    0.8781    0.5567   0.03494   0.06423  0.002664
     23/29      2.6G   0.03861   0.05748 0.0006686   0.09676        25       640    0.9141    0.9012    0.8913    0.5657   0.03478   0.06433  0.002825
     24/29      2.6G   0.03834   0.05783 0.0005783   0.09675        72       640    0.9162    0.8933    0.8823    0.5615    0.0346   0.06432  0.002567
     25/29      2.6G   0.03825   0.05821 0.0005931   0.09706        12       640    0.9226    0.8933    0.8792    0.5622   0.03475   0.06419  0.002656
     26/29      2.6G   0.03816   0.05757 0.0004996   0.09623         5       640    0.9157    0.8961    0.8831    0.5625   0.03471   0.06455  0.002659
     27/29      2.6G   0.03817   0.05778 0.0005349   0.09648         1       640    0.9192    0.8975    0.8836    0.5643   0.03469   0.06429  0.002786
     28/29      2.6G    0.0379   0.05789 0.0005174   0.09631        14       640     0.916     0.897    0.8834    0.5656   0.03462   0.06408  0.002988
     29/29      2.6G    0.0383     0.058 0.0004855   0.09679        13       640     0.909       0.9    0.8878    0.5681   0.03446   0.06395  0.002401
